>27|0
0.0	-1.156	-0.176	-0.66	-0.05	-0.001	-0.002	-0.069	-0.216	-0.672	-0.459	-0.214	-0.548	-0.008	-0.064	-0.005	-0.031	-0.152	-0.191	-0.2	-0.176	0.0	-0.411	-0.458	-1.267	-0.614	-0.47	-0.332	-0.777	-0.465	-1.107	-0.001	-0.332	0.044	-0.086	-0.135	-0.064	-0.031	-0.698	-0.856	-0.432	-0.531
>37|0
-0.321	-0.251	-0.483	-0.152	-0.269	-0.066	-0.032	-0.003	0.01	0.02	-0.106	-0.441	0.334	-0.562	-0.049	-0.119	-0.107	0.112	0.14	0.001	0.017	-0.023	-0.643	0.557	-0.392	0.409	-0.283	-0.01	-0.352	-0.059	0.058	0.02	0.581	-0.02	0.596	0.098	-0.232	0.063	-0.077	-0.046	0.068	0.036
>41|0
-0.567	-0.637	-0.861	-0.196	-0.077	-0.057	-0.057	-0.287	-0.638	-0.726	-0.065	-0.69	-0.06	-0.17	-0.509	-0.019	-0.391	-0.514	-0.632	-0.676	-0.271	-0.33	0.05	-0.42	0.048	-0.038	-0.595	-0.387	-0.557	-0.799	-0.659	0.069	-0.302	0.078	-0.821	-1.644	-0.298	-0.015	-0.793	-0.873	-1.539	-0.63
>54|0
-0.163	0.234	0.074	-0.02	0.0	0.043	0.037	-0.011	0.132	0.246	-0.009	0.023	-0.021	-0.432	0.037	-0.058	-0.044	0.138	0.167	0.206	0.126	0.185	-0.399	0.084	-0.106	0.0	0.061	0.11	0.046	0.102	-0.128	0.045	-0.07	-0.133	-0.098	-0.169	-0.067	-0.167	-0.018	-0.053	-0.072	0.139
>68|0
-0.058	-0.101	-0.189	0.129	-0.09	-0.146	-0.214	-0.544	-0.122	-0.26	-0.236	-0.122	0.015	0.051	-0.141	-0.053	0.018	-0.142	-0.141	-0.236	-0.181	-0.485	-0.286	-0.363	-0.081	-0.203	-0.37	-0.488	-0.276	-0.324	-0.389	-0.386	-0.217	0.006	0.137	-0.368	0.093	-0.215	-0.3	-0.313	-0.334	-0.349
>71|0
-0.216	-0.633	-0.49	-0.208	-0.073	0.003	-0.032	-0.354	-0.35	-0.784	-0.67	-0.422	0.13	-1.034	-0.539	-0.246	-0.21	-0.288	-0.454	-0.512	-0.319	0.05	-0.394	-0.114	-1.057	-0.103	-0.236	-0.123	-0.598	-0.761	-1.157	-0.612	-0.115	0.094	0.148	-0.537	0.136	0.071	-0.62	-0.419	-0.74	-0.725
>72|0
-0.176	-0.005	-0.195	-0.213	-1.39	0.167	0.082	-0.403	-0.35	-0.202	-0.258	-0.261	-0.355	-0.271	-0.216	-0.408	-0.217	-0.252	-0.338	-0.729	-0.277	-0.378	-0.351	-0.367	-0.485	1.261	-0.606	-0.872	-0.666	-0.773	-0.099	-0.479	-0.143	0.274	-0.404	-0.858	-0.465	-0.165	-0.824	-1.067	-0.769	-0.512
>78|0
-0.497	-0.515	-0.371	0.047	-0.805	0.147	0.29	0.296	0.039	-0.096	-0.198	-0.621	0.661	-0.857	0.146	-0.683	-0.635	0.164	0.125	0.085	0.309	-0.145	0.441	-0.223	-0.156	0.328	-0.445	-0.823	-0.262	-0.02	0.283	-0.112	-0.042	-0.907	0.711	-0.09	0.063	-0.017	-0.264	-0.394	-0.015	-0.123
>80|0
-0.63	-0.151	-0.452	-0.152	-0.751	0.326	0.371	0.406	0.002	-0.053	-0.296	-0.649	0.322	-0.816	0.124	-0.653	-0.691	0.169	0.127	0.132	0.291	-0.011	-0.17	0.039	-0.214	0.241	0.043	-0.037	0.148	0.047	0.062	-0.247	0.029	-0.289	0.52	0.042	-0.131	-0.07	-0.022	-0.1	-0.17	-0.02
>82|0
-0.286	0.009	0.092	0.151	0.032	-0.167	-0.1	-0.292	0.016	0.186	0.135	0.132	0.094	0.051	-0.423	-0.012	-0.022	0.001	-0.013	0.1	0.085	-0.143	-0.675	-0.788	-0.908	-0.135	-0.126	-0.212	-0.562	-0.473	-0.669	-0.049	-0.861	-0.865	-0.13	-0.674	-0.092	-0.338	-0.429	-0.558	-0.683	-0.378
>106|0
0.767	0.432	0.875	0.122	0.06	-0.019	0.024	0.091	0.338	0.215	0.714	0.737	0.138	0.02	0.164	0.0	0.605	0.085	0.12	0.104	0.098	0.166	-0.107	0.078	-0.26	-0.014	-0.048	-0.031	-0.229	-0.027	-0.06	-0.026	0.036	-0.133	0.004	-0.057	-0.009	0.02	-0.079	-0.101	-0.048	-0.068
>115|0
-0.192	0.634	-0.006	-0.099	-0.446	0.05	-0.102	0.28	-0.049	0.654	0.033	0.019	0.222	0.137	0.376	0.019	-0.192	-0.062	-0.107	-0.285	-0.128	-0.58	0.086	-0.232	-0.129	0.324	-0.307	-0.232	0.302	-0.043	0.295	0.12	-0.37	-0.337	-0.987	0.018	-0.624	-0.482	0.027	0.065	0.264	-0.062
>120|0
-0.771	0.222	-0.555	-0.697	-0.105	-0.076	-0.046	-0.303	-0.102	0.176	-0.07	-0.493	-0.015	0.01	-0.199	-0.042	-0.716	-0.045	-0.045	0.177	0.055	0.47	-0.069	0.355	0.506	-0.008	-0.06	-0.025	-0.111	0.082	-0.063	0.009	0.261	-0.111	-0.268	0.032	-0.033	0.397	0.008	0.033	-0.103	-0.044
>170|0
-0.026	-0.192	-0.069	0.044	0.006	0.352	0.247	0.134	0.35	0.219	0.503	-0.12	-0.059	0.37	-0.045	-0.017	-0.045	0.396	0.218	0.259	0.272	-0.407	0.044	-0.32	-0.071	-0.194	0.01	-0.111	-0.2	0.072	0.097	0.064	-0.337	-0.109	0.014	-0.295	-0.042	-0.335	0.139	-0.026	0.076	-0.043
>182|0
0.171	0.259	0.504	-0.032	0.301	-0.091	-0.053	0.021	-0.018	0.127	-0.294	0.474	-0.084	0.014	0.134	0.036	0.245	0.062	0.149	0.031	-0.083	-0.196	0.139	-0.028	-0.39	-0.013	-0.333	-0.387	-0.183	-0.455	-0.275	-0.114	0.086	-0.106	0.263	0.022	0.075	-0.128	-0.391	-0.396	-0.064	-0.244
>194|0
-0.085	0.038	-0.145	0.093	-0.209	-0.257	-0.186	-0.118	-0.087	-0.223	0.056	-0.109	-0.117	-0.123	-0.159	-0.038	-0.121	-0.232	-0.293	-0.173	-0.128	-0.123	0.579	0.136	-0.127	0.173	-0.289	-0.15	-0.041	-0.122	-0.014	-0.199	0.134	-0.006	0.401	-0.076	-0.021	-0.182	-0.225	-0.149	0.008	-0.073
>206|0
0.139	-0.005	0.14	0.297	-0.171	-0.048	-0.028	0.361	0.102	0.149	0.139	-0.016	-0.103	-0.305	0.093	-0.195	0.076	0.066	0.107	-0.008	-0.094	-0.416	0.121	-0.312	-0.175	-0.558	-0.421	-0.329	-0.098	-0.314	-0.178	-0.451	-0.333	0.151	-0.389	0.049	-0.266	-0.432	-0.392	-0.069	-0.13	-0.333
>215|0
0.01	-0.006	-0.143	-0.01	-0.072	-0.363	-0.262	-0.213	-0.411	-0.197	-0.056	-0.127	0.035	-0.048	-0.304	0.014	0.09	-0.401	-0.293	-0.315	-0.312	0.046	-0.254	0.017	-0.023	-0.145	-0.122	-0.089	-0.185	-0.063	-0.297	0.007	0.017	0.048	0.197	0.125	-0.052	0.115	-0.17	-0.121	-0.124	-0.223
>217|0
-0.308	-0.047	-0.184	-0.621	-0.127	-0.194	-0.149	-0.02	-0.195	0.009	-0.072	-0.148	-0.097	-0.084	0.134	-0.052	-0.277	-0.124	-0.057	0.055	-0.054	0.116	-0.297	0.143	0.144	0.108	0.167	0.211	0.266	0.275	0.052	0.118	0.009	-0.064	-0.054	-0.21	0.045	0.098	0.169	0.087	-0.042	0.093
>220|0
-0.14	-0.039	-0.299	-0.287	-0.001	0.077	-0.112	-0.299	-0.172	-0.152	-0.308	-0.251	-0.118	-0.052	-0.151	0.004	-0.172	-0.179	-0.188	-0.225	-0.162	-0.239	0.218	-0.157	0.17	-0.304	0.022	-0.006	-0.075	0.011	-0.089	0.114	-0.221	-0.102	-0.147	-0.002	0.0	-0.274	-0.028	-0.017	-0.053	-0.069
>27|1
0.198	0.049	-0.04	0.056	0.033	0.578	0.338	0.279	0.206	0.173	-0.025	-0.095	-0.031	0.048	0.204	0.231	0.122	0.389	0.381	0.143	0.136	-0.485	0.057	-0.307	-0.362	-0.071	-0.2	-0.266	-0.56	-0.209	-0.043	-0.159	-0.31	-0.072	-0.176	-0.173	0.112	-0.41	-0.12	-0.12	0.062	-0.142
>37|1
-0.23	-0.232	-0.352	-0.168	-0.137	-0.472	-0.286	-0.364	-0.35	-0.176	-0.246	-0.313	0.008	-0.44	-0.166	-0.017	-0.263	-0.328	-0.206	-0.159	-0.246	-0.677	0.106	-0.536	-0.439	-0.074	-0.748	-0.533	-0.414	-0.853	-0.314	-1.041	-0.412	-0.05	-0.065	-0.102	-0.003	-0.578	-0.68	-0.25	-0.406	-0.705
>41|1
-0.161	-0.059	-0.106	-0.166	-0.858	-0.259	-0.924	-0.043	-0.411	-0.05	-0.901	-0.175	-0.542	-0.142	0.075	-1.783	-0.234	-0.508	-0.703	-0.688	-0.514	-0.306	-0.044	-0.266	-0.355	-0.011	0.293	0.726	-0.223	0.147	-0.068	0.34	-0.249	0.108	0.105	-0.095	0.764	-0.324	0.312	0.399	0.368	0.358
>54|1
0.298	0.244	0.069	-0.016	-0.075	-0.251	-0.24	-0.552	-0.313	-0.337	0.031	0.081	0.167	0.133	-0.111	-0.015	0.278	-0.341	-0.285	-0.249	-0.392	-0.401	-0.009	-0.53	-0.132	-0.152	-0.362	-0.29	-0.391	-0.294	-0.229	-0.498	-0.525	-0.112	-0.096	-0.277	-0.006	-0.459	-0.332	-0.205	-0.315	-0.408
>68|1
0.001	-0.116	0.248	-0.049	-0.566	-0.221	-0.343	0.065	-0.145	0.022	-0.248	0.105	-0.237	-0.366	-0.009	-0.825	-0.005	-0.135	-0.156	-0.302	-0.218	-0.123	-0.146	-0.15	-0.339	-0.164	0.213	0.4	-0.041	0.271	-0.258	0.456	-0.238	0.271	0.028	-0.041	0.204	-0.247	0.321	0.395	0.452	0.315
>71|1
-0.248	-0.227	-0.319	-0.055	-0.177	-0.17	-0.075	-0.151	-0.079	-0.071	0.103	-0.34	-0.05	-0.487	-0.229	-0.029	-0.215	-0.016	-0.037	-0.019	-0.179	-1.019	0.171	-0.893	-0.714	-0.335	-0.722	-0.568	-0.821	-0.62	-0.42	-0.334	-0.874	-0.266	-0.268	-0.53	-0.036	-0.978	-0.698	-0.344	-0.404	-0.565
>72|1
-0.232	-0.162	-0.47	-0.026	-0.052	-0.056	-0.069	-0.093	0.165	0.182	0.2	-0.491	-0.332	-0.104	-0.218	0.14	-0.132	0.122	0.132	0.045	0.06	0.07	-0.085	0.203	-0.082	-0.029	-0.388	-0.217	-0.177	-0.253	-0.259	-0.221	0.215	0.222	0.075	0.701	0.098	-0.016	-0.309	-0.198	0.071	-0.134
>78|1
-0.26	-0.14	-0.263	-0.429	-0.024	-0.051	-0.037	-0.085	-0.189	-0.089	-0.105	-0.229	0.002	-0.059	-0.172	-0.021	-0.233	-0.129	-0.112	-0.032	-0.067	-0.109	-0.232	-0.304	-0.182	-0.06	-0.239	-0.257	-0.915	-0.354	-0.346	-0.196	-0.282	0.021	0.15	-0.456	0.038	-0.195	-0.372	-0.38	-0.354	-0.286
>80|1
-0.012	-0.352	-0.113	-0.037	-0.333	0.046	0.263	-0.062	0.109	-0.366	0.264	-0.151	-0.077	0.045	0.078	0.223	-0.048	0.052	0.084	0.172	0.084	-0.176	0.157	-0.142	-0.158	-0.204	-0.436	-0.629	-0.154	-0.476	0.04	-0.11	-0.039	-0.67	0.288	-0.135	-0.045	-0.108	-0.517	-0.51	-0.737	-0.544
>82|1
-0.224	-0.093	-0.226	-0.087	-0.059	-0.191	-0.164	-0.133	-0.151	-0.082	0.014	-0.188	0.002	-0.002	-0.035	0.018	-0.171	-0.162	-0.087	-0.042	-0.061	-0.509	-0.146	-0.523	-0.475	-0.13	-0.558	-0.392	-0.508	-0.583	-0.369	-0.394	-0.442	0.064	0.049	-0.288	0.023	-0.458	-0.55	-0.275	-0.331	-0.416
>106|1
-0.44	-0.176	-0.279	-0.043	-0.171	0.004	-0.111	-0.009	0.211	-0.078	0.119	-0.331	-0.04	-0.184	-0.118	-0.065	-0.402	0.245	0.27	0.224	0.128	0.218	-0.104	0.047	0.03	-0.058	0.31	0.329	-0.078	0.114	-0.113	-0.013	0.087	-0.054	-0.009	-0.006	-0.043	0.177	0.165	0.159	-0.02	0.112
>115|1
-0.145	0.078	-0.093	-0.051	-0.226	-0.048	-0.037	-0.039	0.088	-0.096	-0.075	-0.156	0.069	-0.304	-0.144	-0.173	-0.197	0.12	0.187	0.192	0.059	-0.181	0.094	-0.18	-0.012	-0.092	-0.369	-0.244	-0.042	-0.196	0.001	0.034	-0.189	-0.284	-0.102	-0.071	0.015	-0.218	-0.24	-0.279	-0.146	-0.14
>120|1
0.001	0.158	-0.078	-0.138	-0.033	-0.057	-0.091	-0.186	-0.137	-0.088	-0.059	-0.016	0.123	0.102	-0.096	0.018	-0.034	-0.158	-0.155	-0.05	-0.094	-0.264	-0.128	-0.344	-0.484	-0.087	-0.291	-0.183	-0.258	-0.366	-0.297	-0.454	-0.366	-0.275	-0.085	-0.155	-0.004	-0.32	-0.343	-0.164	-0.232	-0.305
>170|1
-0.172	0.207	0.037	-0.068	-0.345	0.016	0.037	0.085	0.118	-0.067	-0.012	-0.1	-0.121	-0.103	0.161	-0.375	-0.181	-0.008	0.004	0.126	0.041	0.089	-0.238	0.042	-0.139	0.044	-0.226	-0.258	0.061	-0.097	-0.039	0.025	0.08	-0.6	-0.211	-0.124	-0.031	0.104	-0.096	-0.107	0.058	-0.086
>182|1
-0.14	0.034	-0.121	-0.138	-0.184	-0.062	-0.116	0.034	-0.261	-0.031	-0.352	-0.098	-0.028	-0.311	-0.054	-0.047	-0.103	-0.116	-0.074	-0.106	-0.085	0.021	-0.064	0.07	0.02	0.071	0.054	0.148	0.195	0.177	0.077	0.283	0.047	-0.034	0.05	-0.013	0.136	-0.019	0.198	0.222	0.044	0.081
>194|1
-0.167	0.03	-0.295	-0.134	-0.152	-0.06	-0.26	-0.164	-0.199	-0.075	-0.218	-0.238	-0.039	0.01	-0.058	0.002	-0.138	-0.219	-0.325	-0.1	-0.079	0.121	-0.11	0.168	0.05	0.048	0.094	0.205	0.187	0.16	0.098	0.202	0.126	0.124	0.087	0.017	0.113	0.126	0.183	0.184	-0.007	0.117
>206|1
-0.11	0.048	-0.136	-0.013	-0.052	-0.079	-0.036	-0.06	-0.069	0.031	0.103	-0.096	-0.031	0.081	-0.059	-0.013	-0.079	-0.017	-0.038	0.036	-0.065	-0.4	0.191	-0.401	-0.373	-0.226	-0.419	-0.288	-0.367	-0.24	-0.078	0.088	-0.39	-0.101	0.004	-0.082	-0.033	-0.388	-0.307	-0.139	-0.105	-0.274
>215|1
0.014	0.11	0.019	0.011	-0.069	-0.137	-0.309	-0.2	-0.243	0.006	-0.184	0.001	0.059	-0.152	0.012	-0.282	-0.007	-0.202	-0.268	-0.155	-0.206	0.025	-0.126	-0.018	0.163	-0.177	-0.0	0.038	-0.092	0.009	-0.004	0.096	-0.001	-0.061	-0.043	0.02	-0.126	0.069	-0.009	0.039	-0.072	-0.068
>217|1
-0.201	-0.085	-0.192	-0.175	-0.099	-0.024	-0.085	-0.143	-0.059	-0.112	-0.156	-0.177	0.043	0.101	-0.154	-0.006	-0.211	-0.041	-0.081	-0.089	-0.049	-0.196	-0.046	-0.237	-0.024	-0.076	-0.289	-0.258	-0.176	-0.161	-0.051	-0.003	-0.21	-0.203	0.147	-0.043	0.005	-0.198	-0.188	-0.157	-0.099	-0.208
>220|1
0.028	-0.072	-0.06	-0.043	-0.019	0.51	0.312	0.448	0.27	0.201	0.044	-0.093	0.012	-0.072	0.035	-0.023	0.018	0.438	0.294	0.18	0.261	-0.009	-0.06	-0.072	-0.173	0.079	0.268	0.121	0.405	0.04	0.029	-0.097	-0.02	0.016	0.209	0.085	0.025	0.002	0.164	0.104	-0.035	-0.009